OBJECTID,cod_reg,cod_uts,codice_nuts3_2021,denominazione_uts,state,Population,Population_Density,Households,Households_Rural,DSL,VDSL,VDSL2,FTTP,FWA,LTE,F5G,DSL_Rural,VDSL_Rural,VDSL2_Rural,FTTP_Rural,FWA_Rural,LTE_Rural,F5G_Rural,Fixed_Broadband,NGA,Fixed_Broadband_Rural,NGA_Rural,FTTP_Rural1,DSL_HH,VDSL_HH,VDSL2_HH,FTTP_HH,FWA_HH,LTE_HH,F5G_HH,DSL_Rural_HH,VDSL_Rural_HH,VDSL2_Rural_HH,FTTP_Rural_HH,FWA_Rural_HH,LTE_Rural_HH,F5G_Rural_HH,Fixed_Broadband_HH,NGA_HH,Fixed_Broadband_Rural_HH,NGA_Rural_HH,FTTP_Rural_HH1,DEN_REG,FTTP1,FTTP_HH1
1,1,2,ITC12,Vercelli,IT ,169390,81.7443817,74863.26071188,17197.0868972,0.97907955,0.76033151,0.54921831,0.48668299,0.96777293,0.9942159,0.99058868,0.95427418,0.49562537,0.12574453,0.3548046,0.96923135,0.99531421,0.99205889,0.98808313,0.90717649,0.97884468,0.70681601,0.3548046,73297.08764292,56920.89624968,41116.27341942,36434.67565028,72450.63692083,74430.24392399,74158.69826042,16410.73594067,8523.31253333,2162.43961643,6101.60551736,16667.9557918,17116.50489914,17060.52285713,73971.1249121,67914.19028829,16833.27695067,12155.17626115,6101.60551736,Piemonte,0.48668299,36434.67565028
2,1,3,ITC15,Novara,IT ,364980,273.83446452,155958.68505986,14587.15299193,0.9987326,0.86932588,0.62345122,0.24026281,0.99160008,0.99978698,0.99812842,0.98905034,0.7130554,0.21466004,0.10117132,0.99627287,0.99978698,0.99962745,0.9987326,0.898621,0.98905034,0.76441941,0.10117132,155761.02377786,135578.92183462,97232.63312563,37471.07208717,154648.64517966,155925.4629215,155666.79599985,14427.42858437,10401.44821018,3131.27883255,1475.8015481,14532.78476719,14584.04565351,14581.71856201,155761.02377786,140147.74927838,14427.42858437,11150.70295433,1475.8015481,Piemonte,0.24026281,37471.07208717
3,1,4,ITC16,Cuneo,IT ,586113,85.26527177,248452.3049131,65510.48540435,0.99286262,0.77194111,0.47807378,0.37288667,0.96954497,0.99867331,0.99467804,0.978873,0.57865727,0.094628,0.11897086,0.97428583,0.99872891,0.99603806,0.99321591,0.79841056,0.98012728,0.61282333,0.11897086,246679.00522538,191790.54720484,118778.53242032,92644.55292904,240885.68358248,248122.68626148,247130.05201158,64126.44512482,37908.11858887,6199.12614185,7793.83849984,63825.93741646,65427.21565432,65250.93705046,246766.78257366,198366.94448946,64208.61375798,40146.35365698,7793.83849984,Piemonte,0.37288667,92644.55292904
4,1,5,ITC17,Asti,IT ,212010,140.75911571,91807.67138043,26065.77319278,0.99674464,0.75833142,0.45405981,0.21970535,0.96574835,0.99879225,0.99003588,0.99650297,0.62162752,0.07355605,0.06009075,0.98229396,0.99902841,0.99310632,0.99674464,0.78931992,0.99650297,0.66102104,0.06009075,91508.80456347,69620.64184731,41686.17352657,20170.63642513,88663.10705382,91696.79036564,90892.88876184,25974.62034033,16203.20199315,1917.29525339,1566.31176447,25604.25144301,26040.44786519,25886.08417938,91508.80456347,72465.62404718,25974.62034033,17230.02451912,1566.31176447,Piemonte,0.21970535,20170.63642513
5,1,6,ITC18,Alessandria,IT ,417288,117.7086409,189601.04686124,52871.73256386,0.99206634,0.79742383,0.5553916,0.27467141,0.96955441,0.99966033,0.99070379,0.97814272,0.51277765,0.09045831,0.09565604,0.98617358,0.99966033,0.99293964,0.99491639,0.81734894,0.98543482,0.57038219,0.09565604,188096.81653458,151192.39378165,105302.82962529,52077.98688239,183828.53082542,189536.64439696,187838.47604128,51716.10053015,27111.44256865,4782.68737322,5057.50054985,52140.70588564,52853.77343376,52498.4392062,188637.18972199,154970.21555108,52101.64651741,30157.09452024,5057.50054985,Piemonte,0.27467141,52077.98688239
6,1,96,ITC13,Biella,IT ,174170,191.89229879,77595.90471011,8111.47234821,0.99952677,0.88967626,0.52782362,0.28232539,0.9878209,0.99999742,0.9995509,0.99926069,0.66797057,0.11032924,0.31309391,0.99611118,0.99999742,0.99985022,0.99952677,0.93811581,0.99926069,0.81222082,0.31309391,77559.18384077,69035.23435113,40956.95115984,21907.29402138,76650.85641173,77595.70443485,77561.05672449,8105.47542067,5418.22479975,894.93257736,2539.65258228,8079.92830007,8111.45141247,8110.25739163,77559.18384077,72793.9448739,8105.47542067,6588.30670216,2539.65258228,Piemonte,0.28232539,21907.29402138
7,1,103,ITC14,Verbano-Cusio-Ossola,IT ,156320,69.56455262,69782.656715,8248.73620686,0.99541637,0.82561618,0.39222979,0.09352528,0.99364063,0.99232975,0.9825979,0.97669688,0.48435686,0.07488379,0.1409484,0.99054733,0.99419181,0.98734633,0.99681616,0.85991107,0.98417146,0.57474821,0.1409484,69462.79878912,57613.69065476,27370.83646554,6526.44240974,69338.88330246,69247.40633676,68568.29227028,8056.51487835,3995.33199743,617.69662002,1162.64620287,8170.76360217,8200.82597821,8144.35940399,69560.47995211,60006.87914807,8118.17077618,4740.94637624,1162.64620287,Piemonte,0.09352528,6526.44240974
8,1,201,ITC11,Torino,IT ,2230946.00000002,328.32088082,990391.64690267,53917.39647786,0.9987832,0.9617417,0.74018694,0.60758007,0.9890073,0.99988472,0.99932099,0.99207042,0.80495622,0.19222466,0.14148665,0.98412895,0.99989846,0.99948677,0.99912931,0.97267124,0.99451929,0.8528652,0.14148665,989186.53545055,952500.95060527,733074.96054679,601742.22700285,979504.56773421,990277.47920685,989719.15634265,53489.85443719,43401.14359223,10364.2531982,7628.59201065,53061.67061873,53911.92151855,53889.72435441,989529.31836764,963325.46870523,53621.8910616,45984.27133419,7628.59201065,Piemonte,0.60758007,601742.22700285
9,2,7,ITC20,Valle d'Aosta/Vallée d'Aoste,IT ,125034,38.57399305,57753.29743053,9288.30329068,0.99903992,0.79026444,0.46910898,0.29767559,0.98408403,0.99969055,0.99452163,0.99640258,0.4516931,0.07865026,0.16000101,0.98536014,0.99969055,0.9950062,0.99903992,0.80719218,0.99640258,0.51496923,0.16000101,57697.84959571,45640.37744392,27092.59031056,17191.74710274,56834.09739999,57735.42570381,57436.90339269,9254.88932329,4195.46254745,730.52744685,1486.13791172,9152.32382635,9285.42903024,9241.91936663,57697.84959571,46618.01032109,9254.88932329,4783.19036676,1486.13791172,Valle d'Aosta,0.29767559,17191.74710274
10,3,12,ITC41,Varese,IT ,884876,742.92757836,368486.33899704,3655.23791519,1,0.99791808,0.77511709,0.25994084,0.99664075,0.99924578,0.99679747,1,0.95593761,0.37418956,0.07227118,0.9959698,0.99979759,0.99854802,1,0.99791808,1,0.95593761,0.07227118,368486.33899704,367719.1793386,285620.05918585,95784.64676541,367248.50301298,368208.41878826,367306.24980351,3655.23791519,3494.17939686,1367.75185254,264.16836452,3640.50658702,3654.4980733,3649.93057994,368486.33899704,367719.1793386,3655.23791519,3494.17939686,264.16836452,Lombardia,0.25994084,95784.64676541
11,3,13,ITC42,Como,IT ,597642,470.84237981,247749.80800159,5362.15862938,0.9957023,0.96653495,0.69829314,0.23157895,0.9944229,0.99820904,0.99292822,1,0.82372085,0.29707976,0.10565928,0.99485566,0.99999732,0.99904139,0.9957023,0.96772446,1,0.8403525,0.10565928,246685.05304216,239458.84876771,173001.99135656,57373.63974774,246368.08250853,247306.09832011,245997.77509211,5362.15862938,4416.9218672,1592.98879812,566.5618138,5334.57384795,5362.14425739,5357.01842277,246685.05304216,239753.54871857,5362.15862938,4506.10340169,566.5618138,Lombardia,0.23157895,57373.63974774
12,3,14,ITC44,Sondrio,IT ,180425,56.81107894,75205.24653875,9146.5327505,0.99971235,0.98823253,0.57189927,0.40128396,0.98474553,0.99903759,0.99560691,0.9988301,0.97299029,0.29230584,0.20914279,0.98014975,0.99903759,0.99727747,0.99971235,0.98823253,0.9988301,0.97299029,0.20914279,75183.61379609,74320.2707028,43009.82562701,30178.65931227,74058.03035163,75132.86859926,74874.86302074,9135.83219041,8899.4875216,2673.58490033,1912.93135969,8964.97177804,9137.73007749,9121.63100364,75183.61379609,74320.2707028,9135.83219041,8899.4875216,1912.93135969,Lombardia,0.40128396,30178.65931227
13,3,16,ITC46,Bergamo,IT ,1108126.00000001,405.84934801,447809.62882468,16757.67133209,0.99993028,0.97468409,0.7246734,0.26627251,0.98766997,0.99837165,0.99432735,0.99960261,0.80836407,0.28471657,0.12485981,0.9630231,0.99944251,0.99782072,0.99993028,0.97814065,0.99960261,0.82683687,0.12485981,447778.40931478,436472.91840556,324515.7275648,119239.39329618,442288.12280886,447080.43941649,445269.36365389,16751.01192813,13546.29942702,4771.18664577,2092.35959205,16138.02465726,16748.32912274,16721.1515923,447778.40931478,438020.80184823,16751.01192813,13855.86043633,2092.35959205,Lombardia,0.26627251,119239.39329618
14,3,17,ITC47,Brescia,IT ,1255437.00000002,263.7656418,512532.31649331,33774.11704414,0.99976634,0.98375684,0.7356816,0.30339584,0.9893653,0.9988876,0.99489785,0.99793619,0.93088842,0.37336698,0.14098136,0.98338473,0.99940071,0.9987514,0.99976634,0.98510232,0.99793619,0.93258542,0.14098136,512412.55895689,504207.17175319,377060.59533612,155500.17114396,507081.69019653,511962.17653906,509917.30195321,33704.4138035,31439.9345392,12610.14022621,4761.52086065,33212.95089763,33753.87642718,33731.94661948,512412.55895689,504896.77556707,33704.4138035,31497.24902791,4761.52086065,Lombardia,0.30339584,155500.17114396
15,3,18,ITC48,Pavia,IT ,540376,182.62337122,236447.5310403,37032.72959765,0.99901813,0.88380797,0.59857923,0.16364903,0.97206749,0.99960287,0.9916767,0.99356666,0.72622502,0.17679778,0.06060985,0.97795213,0.99960287,0.99744795,0.99901813,0.89365604,0.99356666,0.7578137,0.06060985,236215.37054138,208974.21319573,141532.58039796,38694.40862577,229842.95769033,236353.6298155,234479.50822794,36794.4856074,26894.09484019,6547.30432964,2244.54817874,36216.23694555,37018.02266182,36938.22023297,236215.37054138,211302.76315713,36794.4856074,28063.90999921,2244.54817874,Lombardia,0.16364903,38694.40862577
16,3,19,ITC4A,Cremona,IT ,355908,201.71955792,147302.67539583,21327.45226914,0.99995326,0.93755968,0.70639494,0.4741685,0.98632483,0.99995951,0.99418639,1,0.87953999,0.32046759,0.26522105,0.999,0.99995951,0.99903064,0.99995326,0.97753724,1,0.92441529,0.26522105,147295.79020878,138105.04909206,104053.86472566,69846.28825335,145288.28689251,147296.71167843,146446.31494124,21327.45226914,18758.34725955,6834.75719104,5656.48924167,21306.12481687,21326.58880283,21306.77834444,147295.79020878,143993.85121811,21327.45226914,19715.42291324,5656.48924167,Lombardia,0.4741685,69846.28825335
17,3,20,ITC4B,Mantova,IT ,406919,174.64767901,163278.59132387,29355.63156006,1,0.92175223,0.55495531,0.76124707,0.98637748,0.99971245,0.99432778,1,0.89058912,0.21672706,0.50214238,0.99367835,0.99971245,0.9987157,1,0.97261688,1,0.93495299,0.50214238,163278.59132387,150502.4058936,90612.32156765,124295.34863635,161054.32605267,163231.64044153,162352.43894605,29355.63156006,26143.80606225,6362.15963855,14740.70662729,29170.0556368,29347.19032602,29317.93020974,163278.59132387,158807.51446495,29355.63156006,27446.13559578,14740.70662729,Lombardia,0.76124707,124295.34863635
18,3,97,ITC43,Lecco,IT ,334961,413.29187944,137407.41734732,2928.55372861,0.99997106,0.985239,0.73589384,0.22855675,0.99437083,0.99882913,0.99278828,0.9998452,0.90976262,0.36688617,0.10525684,0.99711904,0.99992215,0.99823129,0.99997106,0.98524623,0.9998452,0.90991743,0.10525684,137403.44034504,135379.14618346,101117.27152326,31405.39277109,136633.92739243,137246.53093398,136416.47287408,2928.10037756,2664.2887262,1074.44586909,308.25031058,2920.11667914,2928.32575343,2923.37396158,137403.44034504,135380.14043403,2928.10037756,2664.74207725,308.25031058,Lombardia,0.22855675,31405.39277109
19,3,98,ITC49,Lodi,IT ,227412,291.91711798,93954.19605115,9637.45279099,1,0.97044537,0.76093489,0.20007539,0.98388712,1,0.99850115,1,0.96458207,0.32619024,0.15062903,0.999,1,0.99974344,1,0.9869029,1,0.98527024,0.15062903,93954.19605115,91177.41416775,71493.02597682,18797.92283748,92440.32371239,93954.19605115,93813.3731614,9637.45279099,9296.11414018,3143.64305559,1451.68016395,9627.8153382,9637.45279099,9634.98021324,93954.19605115,92723.66880253,9637.45279099,9495.49544076,1451.68016395,Lombardia,0.20007539,18797.92283748
20,3,108,ITC4D,Monza e della Brianza,IT ,870193,2159.19072515,359948.1944096,1127.47953967,1,1,0.77781559,0.38098234,0.99276228,1,1,1,1,0.54161817,0.23858513,0.999,1,1,1,1,1,1,0.23858513,359948.1944096,359948.1944096,279973.31662706,137133.9050055,357342.99194788,359948.1944096,359948.1944096,1127.47953967,1127.47953967,610.66340734,268.99984911,1126.35206013,1127.47953967,1127.47953967,359948.1944096,359948.1944096,1127.47953967,1127.47953967,268.99984911,Lombardia,0.38098234,137133.9050055
21,3,215,ITC4C,Milano,IT ,3265327.00000001,2082.42661305,1461462.49241371,14953.39758403,0.99999782,0.99888539,0.5152806,0.71101842,0.97452624,1,0.99999971,1,1,0.43325088,0.18639923,0.999,1,1,0.99999782,0.99999126,1,1,0.18639923,1461459.30045328,1459833.52860556,753063.26538988,1039126.75948437,1424233.5409002,1461462.49241371,1461462.07150331,14953.39758403,14953.39758403,6478.57260127,2787.30175488,14938.44418645,14953.39758403,14953.39758403,1461459.30045328,1461449.72457197,14953.39758403,14953.39758403,2787.30175488,Lombardia,0.71101842,1039126.75948437
22,4,21,ITH10,Bolzano/Bozen,IT ,532644,72.56684222,211836.94973882,37343.59844663,0.99774962,0.70831662,0.46579424,0.12278753,0.93850854,0.99999002,0.999447,0.99415629,0.42722588,0.07534455,0.00780626,0.9849597,0.99999002,0.99945389,0.99774962,0.70831662,0.99415629,0.42722588,0.00780626,211360.23628606,150047.63192522,98672.43038737,26010.93684993,198810.78702171,211834.83631329,211719.8028688,37125.37312061,15954.15167401,2813.63649686,291.51371308,36781.93965483,37343.22588219,37323.20478271,211360.23628606,150047.63192522,37125.37312061,15954.15167401,291.51371308,Trentino-Alto Adige,0.12278753,26010.93684993
23,4,22,ITH20,Trento,IT ,545425,88.47584102,229051.23321438,26619.8573429,0.99858926,0.85022779,0.58233518,0.52238316,0.9815149,0.999958,0.99767292,0.99254462,0.67584939,0.24581904,0.26010889,0.98428249,0.999958,0.99824496,0.99882288,0.87772376,0.99335499,0.72437026,0.26010889,228728.10115627,194745.7227397,133384.59143798,119652.50805142,224817.1979708,229041.61352754,228518.21250333,26421.39630742,17991.01430424,6543.6677825,6924.06157752,26201.45952231,26618.73936292,26573.13839593,228781.61347163,201043.71062382,26442.9681591,19282.632873,6924.06157752,Trentino-Alto Adige,0.52238316,119652.50805142
24,5,23,ITH31,Verona,IT ,924742,300.40044095,373960.16650466,37134.27361161,0.99995132,0.99095625,0.69969007,0.4685497,0.99353357,0.99970203,0.99832295,0.99969667,0.97267373,0.29325412,0.22869374,0.99150881,0.99973489,0.99911112,0.99995132,0.99539158,0.99969667,0.98434402,0.22869374,373941.96194114,370578.16314898,261656.21416554,175218.92385542,371541.97774536,373848.73590357,373333.0177205,37123.00982504,36119.53235322,10889.778903,8492.37577697,36818.95962126,37124.42890621,37101.26579606,373941.96194114,372236.80115834,37123.00982504,36552.9001924,8492.37577697,Veneto,0.4685497,175218.92385542
25,5,24,ITH32,Vicenza,IT ,855297,315.95418845,335490.28191251,22570.17496549,0.99855635,0.97616525,0.56409391,0.36107505,0.99007874,0.99920874,0.99684252,0.99298579,0.92644053,0.20779755,0.22625867,0.98015928,0.99994236,0.99890393,0.99855635,0.98589532,0.99298579,0.94563683,0.22625867,335005.95195789,327493.95530287,189248.02388103,121137.17106923,332161.79586574,335224.82136107,334430.97770804,22411.86292807,20909.92491244,4690.02707436,5106.6978348,22122.36655515,22568.87391378,22545.4365128,335005.95195789,330758.30013814,22411.86292807,21343.18865528,5106.6978348,Veneto,0.36107505,121137.17106923
26,5,25,ITH33,Belluno,IT ,201309,55.21916537,87762.74590301,17586.18951588,0.99860325,0.8484308,0.39956808,0.19852159,0.98039979,0.99871908,0.99043843,0.99728106,0.79718258,0.18152184,0.16066607,0.9769848,0.99876113,0.99371252,0.99860325,0.88124375,0.99728106,0.83655732,0.16066607,87640.16301681,74460.61685964,35067.19196101,17422.79991028,86042.57725691,87650.32906949,86923.59639639,17538.37363859,14019.40386226,3192.2775448,2825.50388846,17181.43988431,17564.40244862,17475.61664463,87640.16301681,77340.37174008,17538.37363859,14711.8555849,2825.50388846,Veneto,0.19852159,17422.79991028
27,5,26,ITH34,Treviso,IT ,883522,358.81642437,344331.33810367,26914.91317961,0.99751055,0.98351961,0.60506859,0.29852128,0.99300781,0.99994614,0.99792338,0.99648766,0.96706325,0.28102767,0.1824815,0.99535779,0.99994614,0.99923188,0.9983327,0.98740902,0.99715215,0.97345115,0.1824815,343474.1424467,338656.62366788,208344.07697578,102790.23117019,341923.70648969,344312.79115043,343616.2943082,26820.37890845,26028.42351626,7563.83522239,4911.47362124,26789.96845608,26913.46344332,26894.23917016,343757.23477683,339995.86815272,26838.26343668,26200.35306122,4911.47362124,Veneto,0.29852128,102790.23117019
28,5,28,ITH36,Padova,IT ,933700,443.26869452,369136.26460536,28300.07612569,1,0.98888431,0.62553726,0.40867213,0.99351829,0.99983759,0.99856304,1,0.97783776,0.28786499,0.25323114,0.99799966,0.99983759,0.99890719,1,0.98895976,1,0.97829879,0.25323114,369136.26460536,365033.05953635,230908.48695669,150855.70209744,366743.63112543,369076.3127958,368605.8294003,28300.07612569,27672.88304558,8146.60108764,7166.46046428,28243.46648178,28295.47988051,28269.14959389,369136.26460536,365060.911595,28300.07612569,27685.93018795,7166.46046428,Veneto,0.40867213,150855.70209744
29,5,29,ITH37,Rovigo,IT ,231734,139.59517096,94520.36723514,19090.62271509,1,0.96730869,0.46844283,0.31863584,0.99066827,0.99880094,0.9959299,1,0.95121097,0.17220918,0.30796669,0.9976659,0.99880094,0.9959299,1,0.99654781,1,0.99301538,0.30796669,94520.36723514,91430.37234145,44277.38879018,30117.57652321,93638.32829576,94407.03175853,94135.66028334,19090.62271509,18159.20966235,3287.58039837,5879.27588044,19046.06324287,19067.73193623,19012.92205133,94520.36723514,94194.06527893,19090.62271509,18957.28205865,5879.27588044,Veneto,0.31863584,30117.57652321
30,5,227,ITH35,Venezia,IT ,848829,426.27314502,353091.00398341,24420.03392787,0.99992788,0.98808315,0.65883861,0.4658417,0.98630321,1,0.99886014,0.99934878,0.96629448,0.35964331,0.14895717,0.999,1,0.99984743,0.99992788,0.98887095,0.99934878,0.96687056,0.14895717,353065.53819413,348883.27203174,232629.98506538,164484.51240771,348254.79026059,353091.00398341,352688.5313718,24404.13108238,23596.9439762,8782.50192519,3637.53905803,24395.61389394,24420.03392787,24416.3081131,353065.53819413,349161.43680694,24404.13108238,23611.01187798,3637.53905803,Veneto,0.4658417,164484.51240771
31,6,30,ITH42,Udine,IT ,526474,109.9648427,228943.57548309,31991.62765045,0.99909131,0.99675467,0.7510228,0.4051004,0.98686103,0.99931188,0.99204047,0.99633937,0.98567409,0.49467753,0.31318328,0.97636544,0.99931188,0.99592652,0.99921693,0.99712736,0.99693299,0.98729664,0.31318328,228735.53647269,228200.57901736,171941.84533717,92745.13302583,225935.49284064,228786.03463583,227121.29171997,31874.51824147,31533.31839583,15825.53922259,10019.24303377,31235.51961272,31969.61354451,31861.31037061,228764.2976262,228285.90377278,31893.50895644,31585.22635008,10019.24303377,Friuli Venezia Giulia,0.4051004,92745.13302583
32,6,31,ITH43,Gorizia,IT ,137795,346.39193918,62225.18989647,4344.40225196,0.99982416,0.99894495,0.7873905,0.2985485,0.99497211,0.99975541,0.99884414,0.99911823,0.99224041,0.56893974,0.17812739,0.99269809,0.99975541,0.99938011,0.99982416,0.99894495,0.99911823,0.99224041,0.17812739,62214.24806693,62159.53891922,48995.5232678,18577.23713963,61912.32835225,62209.97037575,62153.26633664,4340.57147994,4310.69145824,2471.70307375,773.85704899,4312.67981412,4343.33966428,4341.70918195,62214.24806693,62159.53891922,4340.57147994,4310.69145824,773.85704899,Friuli Venezia Giulia,0.2985485,18577.23713963
33,6,32,ITH44,Trieste,IT ,231445,1097.67883333,112319.11577718,1220.35807952,1,0.99947251,0.9173563,0.77077334,0.99502252,1,0.99926584,1,0.98775463,0.46167947,0.14802814,0.98632368,1,0.99926584,1,0.99947251,1,0.98775463,0.14802814,112319.11577718,112259.86805308,103036.64857711,86572.58019705,111760.05013979,112319.11577718,112236.65560312,1220.35807952,1205.41433969,563.4142737,180.64734179,1203.66807416,1220.35807952,1219.46214174,112319.11577718,112259.86805308,1220.35807952,1205.41433969,180.64734179,Friuli Venezia Giulia,0.77077334,86572.58019705
34,6,93,ITH41,Pordenone,IT ,310502,137.49274017,126562.57670068,14629.17610258,0.99922662,0.99915701,0.6900744,0.25315927,0.99234565,0.99981051,0.99908683,0.99609477,0.99600894,0.45345421,0.40076389,0.99250138,0.99981051,0.99908683,0.9994741,0.99940449,0.99712472,0.99703889,0.40076389,126464.69532476,126455.88600092,87337.59411183,32040.48959583,125593.82286576,126538.59433817,126447.00318298,14572.04573297,14570.79012045,6633.66155223,5862.84551177,14519.47743667,14626.4040177,14615.81713512,126496.01736505,126487.20804122,14587.1130832,14585.85747068,5862.84551177,Friuli Venezia Giulia,0.25315927,32040.48959583
35,7,8,ITC31,Imperia,IT ,209382,181.78398953,97402.27488139,9236.47476237,0.99537942,0.9345023,0.62496298,0.13898268,0.991384,0.99574804,0.9833147,0.96949485,0.731189,0.14029448,0.06802377,0.97746931,0.99574804,0.98653609,0.99740339,0.94436546,0.98345368,0.79921277,0.06802377,96952.21994147,91022.64994247,60872.81559141,13537.22946414,96563.05689119,96988.12403799,95777.08888021,8954.71466842,6753.60869989,1295.82639856,628.29985235,9028.37065602,9197.20161585,9112.11567872,97149.35939165,91983.34414114,9083.64506855,7381.90855224,628.29985235,Liguria,0.13898268,13537.22946414
36,7,9,ITC32,Savona,IT ,271832,176.09724387,130506.56155571,13520.67848939,0.99607101,0.93445666,0.70595415,0.17570671,0.99268123,0.99797155,0.99444484,0.97822475,0.71182319,0.2497867,0.05466039,0.98858841,0.99797155,0.99458926,0.99607101,0.93502001,0.97822475,0.7149276,0.05466039,129993.80267225,121952.72540238,92131.64901459,22930.87889127,129551.41448183,130241.83495202,129781.57660199,13226.26229315,9624.33247023,3377.28565204,739.04554377,13366.38602611,13493.25241017,13447.52154806,129993.80267225,122026.24597758,13226.26229315,9666.30626603,739.04554377,Liguria,0.17570671,22930.87889127
37,7,11,ITC34,La Spezia,IT ,217418,247.09964578,98955.67842215,6915.77579184,0.98564047,0.94129226,0.58935092,0.30808523,0.99110919,0.99785245,0.99084699,0.91277257,0.64498077,0.18364677,0.03508249,0.98122549,0.99785245,0.9943562,0.98564047,0.94387087,0.91277257,0.66385866,0.03508249,97534.72143363,93146.21410653,58319.61989663,30486.78314698,98075.88240835,98743.16574083,98049.93575136,6312.53044201,4460.54242196,1270.05989239,242.62263051,6785.93546752,6900.9237886,6876.74455427,97534.72143363,93401.38253079,6312.53044201,4591.09767519,242.62263051,Liguria,0.30808523,30486.78314698
38,7,210,ITC33,Genova,IT ,826194,451.70374509,390378.71085283,10934.25119027,0.99542244,0.96703004,0.81282678,0.70297253,0.99575227,0.99880478,0.99229572,0.93656131,0.66809453,0.1716164,0.11489701,0.97990867,0.99889084,0.99363278,0.99584993,0.96745753,0.94278628,0.6743195,0.11489701,388591.72874546,377507.93941002,317310.26880769,274425.51089934,388720.48723644,389912.12074728,387371.12347283,10240.5966481,7305.11343865,1876.49678943,1256.31278764,10714.56753731,10922.12334877,10864.63035543,388758.61374814,377674.8244127,10308.66197803,7373.17876858,1256.31278764,Liguria,0.70297253,274425.51089934
39,8,33,ITH51,Piacenza,IT ,286433,111.16625708,125878.04078728,32197.53295015,0.98363932,0.93217942,0.6765547,0.3606301,0.9598525,0.99906929,0.99877361,0.93954926,0.78362615,0.25871036,0.0917334,0.98519976,0.99906929,0.99877361,0.98374992,0.9409088,0.94012616,0.81096623,0.0917334,123818.59075828,117340.91934888,85163.37997743,45395.40986175,120824.35189502,125760.88454874,125723.66557222,30251.16840279,25230.82890169,8329.83549399,2953.5891628,31721.00166709,32167.5663108,32158.04630862,123832.51268026,118439.75676174,30269.74311558,26111.11176534,2953.5891628,Emilia-Romagna,0.3606301,45395.40986175
40,8,34,ITH52,Parma,IT ,454873,132.33569709,200930.98108108,47124.20729165,0.99209542,0.94652323,0.75099262,0.44460035,0.96657606,0.99797883,0.99591773,0.9687044,0.82133852,0.39488597,0.2084035,0.98165328,0.99797883,0.99591773,0.99326473,0.95021827,0.97461336,0.83797115,0.2084035,199342.70531856,190185.84130702,150897.68398348,89333.98519637,194215.07569065,200524.86491815,200110.72633723,45649.42675465,38704.92665936,18608.68818723,9820.84989563,46259.63285124,47028.96114224,46931.83350055,199577.65735443,190928.28974039,45927.88182107,39488.72610561,9820.84989563,Emilia-Romagna,0.44460035,89333.98519637
41,8,35,ITH53,Reggio nell'Emilia,IT ,529609,232.02544779,214384.29581667,31618.86510668,0.99905895,0.97430893,0.70575801,0.46568884,0.98280255,0.99990515,0.99855788,0.99479791,0.88701464,0.31215854,0.27151362,0.98815651,0.99990515,0.99956704,0.99932319,0.97943602,0.99645444,0.89765131,0.27151362,214182.54995495,208876.53440975,151303.43335163,99836.3745317,210697.43203455,214363.96174017,214075.1279258,31454.38095921,28046.39627513,9870.09892198,8584.95264236,31244.38736041,31615.86609773,31605.17539265,214239.19780775,209975.70151838,31506.75859276,28382.7158169,8584.95264236,Emilia-Romagna,0.46568884,99836.3745317
42,8,36,ITH54,Modena,IT ,707119,263.91575543,291658.37264403,40571.08194768,0.99940607,0.95409828,0.68257268,0.45080232,0.98530514,0.99987676,0.99820921,0.9972158,0.81620578,0.27111024,0.20179608,0.99801577,0.99987676,0.99901717,0.99940607,0.96079379,0.9972158,0.85332794,0.20179608,291485.14833544,278270.752097,199078.03664719,131480.27157412,287372.49444647,291622.42798445,291136.07329519,40458.12395007,33114.35149748,10999.23571158,8187.08522423,40490.57962575,40566.08187271,40531.20729028,291485.14833544,280223.55404093,40458.12395007,34620.43759253,8187.08522423,Emilia-Romagna,0.45080232,131480.27157412
43,8,38,ITH56,Ferrara,IT ,344510,131.33952233,153113.50260971,40504.96499306,0.99992504,0.9770186,0.68162113,0.38042052,0.99507256,0.99995573,0.99304721,0.99962102,0.9583509,0.26448146,0.13622658,0.9967467,0.99995573,0.99872916,0.99992504,0.98477693,0.99962102,0.9648883,0.13622658,153102.02526609,149594.7403438,104365.39845937,58247.51888942,152359.04574288,153106.72408635,152048.93615589,40489.61437954,38817.9694785,10712.81239663,5517.85286334,40373.19009698,40503.17178836,40453.4898385,153102.02526609,150782.64540883,40489.61437954,39082.76690001,5517.85286334,Emilia-Romagna,0.38042052,58247.51888942
44,8,39,ITH57,Ravenna,IT ,387970,209.41308836,169046.70855239,29362.82639542,0.99835295,0.9599702,0.68893972,0.40848669,0.99316156,0.99967305,0.99860813,0.99101855,0.92242912,0.29593967,0.1954533,0.9849736,0.99967305,0.99860813,0.99874871,0.96250189,0.99317664,0.92758562,0.1954533,168768.27960546,162279.80290921,116462.99149637,69053.33038358,167890.69241138,168991.43832211,168811.41803145,29099.1057837,27085.12601764,8689.62502257,5739.06120035,28921.60879308,29353.2261483,29321.95724879,168835.18126055,162707.77673224,29162.47328051,27236.53562593,5739.06120035,Emilia-Romagna,0.40848669,69053.33038358
45,8,40,ITH58,Forlì-Cesena,IT ,395306,166.66946007,163267.69035406,25090.19726936,0.99165458,0.86629724,0.65476053,0.33291252,0.97309866,0.99955343,0.99767155,0.96066006,0.74987009,0.21458964,0.09535625,0.96954552,0.99964901,0.99778219,0.99182452,0.90302317,0.96172011,0.799445,0.09535625,161905.15265256,141438.34997127,106901.2397819,54353.85851998,158875.57151713,163194.78020873,162887.53016256,24103.15049678,18814.38859102,5384.09644323,2392.5072073,24326.08832493,25081.39077607,25034.55205777,161932.89887485,147434.50679438,24129.74717051,20058.23265537,2392.5072073,Emilia-Romagna,0.33291252,54353.85851998
46,8,99,ITH59,Rimini,IT ,336798,390.70086245,139066.93250608,10927.79566513,0.9990853,0.97858141,0.64967034,0.20835376,0.99447824,0.99917851,0.99778584,0.9937031,0.89754756,0.33167042,0.16062261,0.98788971,0.99974231,0.99904133,0.99960485,0.98706982,0.997961,0.9418028,0.16062261,138939.7281436,136088.31515428,90347.66167672,28975.11850286,138299.03810106,138952.69100559,138759.01572767,10858.98440913,9808.21638904,3624.42657791,1755.25101926,10795.45683968,10924.97972975,10917.31948297,139011.98022149,137268.77163808,10905.51392509,10291.82859819,1755.25101926,Emilia-Romagna,0.20835376,28975.11850286
47,8,237,ITH55,Bologna,IT ,1021501,277.03344281,466502.02849657,65320.99906546,0.99928942,0.98991495,0.78280304,0.57605186,0.98871429,0.99976232,0.99910748,0.99711926,0.94292455,0.26069413,0.09312969,0.98852275,0.99976232,0.99940932,0.99928942,0.99103406,0.99711926,0.94728658,0.09312969,466170.54043887,461797.33101717,365179.20631106,268729.35994616,461237.2213217,466391.15118832,466085.6657757,65132.82638869,61592.77356921,17028.80072305,6083.32453782,64571.29389806,65305.47369557,65282.41515314,466170.54043887,462319.39936492,65132.82638869,61877.70595436,6083.32453782,Emilia-Romagna,0.57605186,268729.35994616
48,9,45,ITI11,Massa-Carrara,IT ,191685,166.40079369,81192.28722685,6893.06954612,0.99917185,0.99196006,0.63203782,0.30673675,0.9326175,0.99573855,0.99170798,0.99787275,0.96075582,0.19146916,0.04777387,0.80599721,0.99573855,0.99344149,0.99917185,0.99196006,0.99787275,0.96075582,0.04777387,81125.04801083,80539.50650462,51316.59611824,24904.65851285,75721.34782368,80846.29065257,80519.03915835,6878.40623076,6622.55665919,1319.8102498,329.30862808,5555.79483889,6863.69510021,6847.86130364,81125.04801083,80539.50650462,6878.40623076,6622.55665919,329.30862808,Toscana,0.30673675,24904.65851285
49,9,46,ITI12,Lucca,IT ,382543,215.94427765,157121.59439438,11944.55898096,0.99954887,0.99842713,0.62185806,0.27966665,0.9704357,0.99571664,0.99057296,0.99818354,0.99211657,0.33896631,0.09049277,0.91358465,0.99728383,0.99389191,0.99954887,0.99842713,0.99818354,0.99211657,0.09049277,157050.71146381,156874.46201481,97707.33041074,43941.669692,152476.40401605,156448.58611416,155640.40336159,11922.86219817,11850.39494364,4048.80308288,1080.8962211,10912.36569102,11912.11549133,11871.60056066,157050.71146381,156874.46201481,11922.86219817,11850.39494364,1080.8962211,Toscana,0.27966665,43941.669692
50,9,47,ITI13,Pistoia,IT ,291697,303.25744944,117688.46079152,6213.54939039,1,0.99953833,0.5883459,0.28681149,0.98579496,0.99882207,0.99363519,1,0.99696224,0.18295342,0.06896424,0.95675264,0.99973428,0.99657583,1,0.99953833,1,0.99696224,0.06896424,117688.46079152,117634.12814641,69241.52293887,33754.40274637,116016.69104612,117549.83161005,116939.39617334,6213.54939039,6194.67412298,1136.79011403,428.51269209,5944.82979431,6211.89833401,6192.27314057,117688.46079152,117634.12814641,6213.54939039,6194.67412298,428.51269209,Toscana,0.28681149,33754.40274637
51,9,49,ITI16,Livorno,IT ,331877,273.16846716,144273.01254481,14637.81532267,0.9998664,0.9792453,0.72661505,0.33116679,0.98442716,0.99998881,0.9996177,0.9993848,0.88347272,0.35879411,0.04962311,0.970721,0.99998881,0.99973113,0.9998664,0.9792453,0.9993848,0.88347272,0.04962311,144253.73772199,141278.66881981,104830.94260935,47778.43080488,142026.27260462,144271.39873255,144217.85757855,14628.81017551,12932.11049957,5251.96195408,726.37390224,14209.23468222,14637.65158667,14633.8795945,144253.73772199,141278.66881981,14628.81017551,12932.11049957,726.37390224,Toscana,0.33116679,47778.43080488
52,9,50,ITI17,Pisa,IT ,418122,171.20916714,172304.3266626,27269.20008111,0.99951479,0.97974261,0.64061182,0.31859613,0.97849633,0.9993755,0.99484339,0.99852141,0.92822227,0.27419661,0.15928971,0.97021043,0.9996512,0.99661232,0.99951479,0.98647197,0.99852141,0.94482244,0.15928971,172220.7234034,168813.89059089,110380.18879281,54895.49243541,168599.15048356,172196.72239522,171415.82007854,27228.88007955,25311.87866984,7477.1221792,4343.70300017,26456.86231047,27259.68853508,27176.82074917,172220.7234034,169973.38817388,27228.88007955,25764.55228052,4343.70300017,Toscana,0.31859613,54895.49243541
53,9,51,ITI18,Arezzo,IT ,339172,105.12180098,136700.37801629,32331.20837161,0.99666831,0.97216313,0.60485314,0.27717123,0.94210076,0.99771891,0.98993724,0.99405507,0.94814386,0.26574805,0.18242974,0.92313401,0.99823991,0.99409283,0.99745017,0.98193985,0.99519703,0.95992474,0.18242974,136244.93476207,132895.0677823,82683.65260715,37889.41237544,128785.53020409,136388.55215494,135324.79539054,32139.00147202,30654.63654295,8591.95566813,5898.17403701,29846.03816496,32274.30246901,32140.22227563,136351.81468008,134231.54819849,32175.92257138,31035.52672134,5898.17403701,Toscana,0.27717123,37889.41237544
54,9,52,ITI19,Siena,IT ,265179,69.45946063,111869.9978481,36287.34426547,0.99536035,0.92874331,0.62417984,0.32689611,0.95409055,0.99739491,0.99294075,0.99232029,0.87097125,0.25752019,0.21855808,0.9797989,0.99739491,0.99445939,0.99536035,0.9618614,0.99232029,0.92662083,0.21855808,111350.96041197,103898.5124484,69826.99716799,36569.86711852,106734.10775157,111578.56688539,111080.27972959,36008.66811768,31605.23355239,9344.72377402,7930.89224871,35554.29994566,36192.81261376,36086.29011697,111350.96041197,107603.43265482,36008.66811768,33624.60924226,7930.89224871,Toscana,0.32689611,36569.86711852
55,9,53,ITI1A,Grosseto,IT ,219690,48.71253985,97199.74945958,44335.07639155,0.98559906,0.91080221,0.52384812,0.45794804,0.90988431,0.99955883,0.99019095,0.98340972,0.87184099,0.15838931,0.24628664,0.96677265,0.99955883,0.99739021,0.98691005,0.9498719,0.98698301,0.93879983,0.24628664,95799.98124101,88529.74658807,50917.90646353,44512.43480316,88440.52664813,97156.86782327,96246.31270995,43599.54522421,38653.13673187,7022.20204407,10919.13721857,42861.93915661,44315.51707548,44219.37095585,95927.40975848,92327.31095589,43757.96732179,41621.76230392,10919.13721857,Toscana,0.45794804,44512.43480316
56,9,100,ITI15,Prato,IT ,257073,703.42249833,98211.22233219,2873.74890985,1,1,0.79504387,0.86436298,0.98829215,0.99978397,0.99495927,1,1,0.47399226,0.37125034,0.85754485,0.99978397,0.99846506,1,1,1,1,0.37125034,98211.22233219,98211.22233219,78082.23043092,84890.14451102,97061.38036452,98190.00527409,97716.16590552,2873.74890985,2873.74890985,1362.13474924,1066.88024797,2464.36858125,2873.1280796,2869.33786727,98211.22233219,98211.22233219,2873.74890985,2873.74890985,1066.88024797,Toscana,0.86436298,84890.14451102
57,9,248,ITI14,Firenze,IT ,995517,283.91453734,422609.85786379,40640.28352555,0.99984623,0.99930686,0.73616976,0.60071443,0.98279505,0.99896926,0.99506827,0.99908735,0.99629868,0.31812458,0.10595263,0.94585512,0.9994475,0.99788535,0.99986279,0.99932342,0.99908735,0.99629868,0.10595263,422544.87403128,422316.93074185,311112.59753885,253867.83960165,415338.87466028,422174.25780583,420525.6616997,40603.19301733,40489.86090887,12928.67312356,4305.94501665,38439.82044722,40617.82980226,40554.34354583,422551.87229017,422323.92900073,40603.19301733,40489.86090887,4305.94501665,Toscana,0.60071443,253867.83960165
58,10,54,ITI21,Perugia,IT ,646710,102.16882973,257085.33735036,67077.63992749,0.99227969,0.93871865,0.62624383,0.40309707,0.97034256,0.99736026,0.99240873,0.97098984,0.84936953,0.3235957,0.22268348,0.97230738,0.99766099,0.99437363,0.99500977,0.95686697,0.98159989,0.89665724,0.22268348,255100.5592316,241330.80147142,160998.105652,103630.34737967,249460.84313428,256406.69939389,255133.7320399,65131.70685783,56973.70329784,21706.035952,14937.08220372,65220.08455417,66920.74493222,66700.2360922,255802.42279823,245996.46829553,65843.40418352,60145.65136636,14937.08220372,Umbria,0.40309707,103630.34737967
59,10,55,ITI22,Terni,IT ,223455,105.08777045,94438.8949939,23780.23277717,0.99202685,0.90760826,0.62658253,0.46693815,0.97766616,0.99867138,0.99606665,0.97263643,0.82042657,0.28654297,0.19611455,0.97676191,0.9989327,0.99691624,0.99291388,0.9591666,0.97667669,0.89407225,0.19611455,93685.91977073,85713.52091606,59173.76210196,44097.12293059,92329.71184153,94313.42130966,94067.43333114,23129.52071409,19509.9348756,6814.05859537,4663.64955432,23227.6256406,23754.85202324,23706.90030295,93769.68945422,90582.6337688,23225.59900528,21261.24612651,4663.64955432,Umbria,0.46693815,44097.12293059
60,11,41,ITI31,Pesaro e Urbino,IT ,356497,139.26429105,142930.90286861,33974.24493258,0.99925442,0.91125616,0.58256573,0.25800986,0.9812355,0.9991817,0.99840502,0.9965156,0.80760018,0.28832685,0.14884413,0.97836118,0.9991817,0.99845628,0.99925442,0.92355138,0.9965156,0.83743217,0.14884413,142824.33706263,130246.66561789,83266.64566554,36877.5815463,140248.8753423,142813.94207137,142702.93030759,33855.86499006,27437.60622215,9795.68688282,5056.86707578,33239.08221074,33946.44370351,33921.79834915,142824.33706263,132004.03263636,33855.86499006,28451.12581749,5056.86707578,Marche,0.25800986,36877.5815463
61,11,42,ITI32,Ancona,IT ,467451,238.65932707,190459.7780392,29784.56067143,0.99908832,0.97502494,0.72819684,0.45093878,0.98737648,0.99950363,0.99819511,0.99431112,0.91574586,0.35822411,0.19590304,0.97067987,0.99950363,0.99819906,0.99908832,0.97912245,0.99431112,0.93143171,0.19590304,190286.13905539,185703.03454375,138692.20899846,85885.70003792,188055.50457795,190365.24038436,190116.018209,29615.11982968,27275.08819111,10669.54773274,5834.886082,28911.27346987,29769.77664435,29730.92053062,190286.13905539,186483.44530989,29615.11982968,27742.28419138,5834.886082,Marche,0.45093878,85885.70003792
62,11,43,ITI33,Macerata,IT ,310815,112.12055863,120837.83149859,34932.92393256,0.99499114,0.91820441,0.62405837,0.22434639,0.97055052,0.99944801,0.99657757,0.98337733,0.82137453,0.24791988,0.10501056,0.96456246,0.99944801,0.9968896,0.9957666,0.94002026,0.98696706,0.86466059,0.10501056,120232.5714228,110953.82928139,75409.85961708,27109.53186244,117279.22074759,120771.12994874,120424.27260802,34352.24546164,28693.01403721,8660.56622908,3668.32575404,33694.9871186,34913.64122831,34824.26854193,120326.27677419,113590.00942194,34477.64539587,30205.12260509,3668.32575404,Marche,0.22434639,27109.53186244
63,11,44,ITI34,Ascoli Piceno,IT ,206172,168.38860041,80195.00881337,13108.45307584,0.99511447,0.93257256,0.63102309,0.30486637,0.94804335,0.99982671,0.99904005,0.99023855,0.81857305,0.29577672,0.20192257,0.97263141,0.99982671,0.99904005,0.99544976,0.9604488,0.99023855,0.88227451,0.20192257,79803.21405818,74787.66502292,50604.90198351,24448.76094919,76028.34454668,80181.11170165,80118.02525148,12980.49550807,10730.22645009,3877.17528799,2646.89257727,12749.6932039,13106.18149261,13095.86955695,79830.10193353,77023.19980256,12980.49550807,11565.2540557,2646.89257727,Marche,0.30486637,24448.76094919
64,11,109,ITI35,Fermo,IT ,171737,199.63547606,66249.0385071,13306.93153025,0.99879194,0.97403391,0.58585256,0.16518448,0.97330065,1,1,0.99676912,0.9414403,0.42185552,0.28461521,0.99327642,1,1,0.99879194,0.98723528,0.99676912,0.97309943,0.28461521,66169.00546444,64528.81021663,38812.16867694,10943.31326711,64480.23211911,66249.0385071,66249.0385071,13263.93846012,12527.68157377,5613.60247469,3787.35515466,13217.46130476,13306.93153025,13306.93153025,66169.00546444,65403.38816475,13263.93846012,12948.9674898,3787.35515466,Marche,0.16518448,10943.31326711
65,12,56,ITI41,Viterbo,IT ,309795,85.58194189,130154.64501054,56387.5710579,0.99738337,0.88304931,0.56965007,0.23282044,0.96725252,0.99902537,0.99590263,0.99288576,0.8772034,0.28069552,0.14123137,0.98755814,0.99998515,0.9993189,0.99738337,0.92818058,0.99288576,0.88892875,0.14123137,129814.07844377,114932.96894394,74142.60294192,30302.66224094,125892.40902444,130027.79298383,129621.35282321,55986.41613965,49463.36883683,15827.73876736,7963.69417199,55686.00497984,56386.73345048,56349.16559698,129814.07844377,120807.01451426,55986.41613965,50124.53322627,7963.69417199,Lazio,0.23282044,30302.66224094
66,12,57,ITI42,Rieti,IT ,152497,55.45501604,64518.37634944,25756.10705745,0.99882449,0.83038464,0.40888327,0.34488505,0.93890429,0.99540427,0.98060972,0.99705981,0.80125468,0.1379609,0.23296899,0.93635434,0.9962284,0.98509299,0.99882449,0.88302954,0.99705981,0.86640038,0.23296899,64442.53449643,53575.06897637,26380.48454291,22251.42365936,60576.58033098,64221.86731842,63267.34688644,25680.37933369,20637.2012814,3553.33579555,6000.37434694,24116.8427051,25658.96521999,25372.16050013,64442.53449643,56971.63196311,25680.37933369,22315.10103895,6000.37434694,Lazio,0.34488505,22251.42365936
67,12,59,ITI44,Latina,IT ,562592,248.79972472,216882.51596909,28795.81865393,0.99999532,0.98413434,0.67583578,0.30955826,0.97103817,0.99992202,0.99721601,1,0.95684249,0.30284271,0.16800139,0.97259216,0.99992202,0.99803233,0.99999532,0.98902797,1,0.97648128,0.16800139,216881.50033048,213441.53235406,146576.96438028,67137.77476022,210601.20242459,216865.60432197,216278.71619947,28795.81865393,27553.06292401,8720.60368356,4837.73767252,28006.58757226,28793.57326905,28739.15799324,216881.50033048,214502.87470285,28795.81865393,28118.57778144,4837.73767252,Lazio,0.30955826,67137.77476022
68,12,60,ITI45,Frosinone,IT ,477502,146.84502068,184166.66089357,33302.08090044,0.99967897,0.9530742,0.44393771,0.26787298,0.91595745,0.99826085,0.98657389,0.99954704,0.95872461,0.26707611,0.2182468,0.96609464,0.99877862,0.99469576,0.99967897,0.96761717,0.99954704,0.97298539,0.2182468,184107.53867127,175524.49351095,81758.52584872,49333.27148841,168688.82558069,183846.36669099,181694.0182151,33286.99647542,31927.52465367,8894.19015053,7268.07271099,32172.96178307,33261.40645671,33125.4387846,184107.53867127,178202.82402566,33286.99647542,32402.43809439,7268.07271099,Lazio,0.26787298,49333.27148841
69,12,258,ITI43,Roma,IT ,4253314,791.27861338,1797309.53616405,59730.4384959,0.99999771,0.99725422,0.86558117,0.72163815,0.99372669,0.99992327,0.99941717,1,0.98258379,0.39365241,0.28618956,0.99104881,0.99994205,0.99981263,0.99999771,0.99894609,1,0.99384623,0.28618956,1797305.41161698,1792374.51559932,1555717.28517074,1297007.13271586,1786034.46515001,1797171.62815108,1796262.01806585,59730.4384959,58690.16036118,23513.03133793,17094.22787817,59195.7799497,59726.97698652,59719.24667329,1797305.41161698,1795415.33792389,59730.4384959,59362.87086197,17094.22787817,Lazio,0.72163815,1297007.13271586
70,13,66,ITF11,L'Aquila,IT ,294838,58.42217076,117935.00271833,29457.22503112,0.96101403,0.82242344,0.3658108,0.35504735,0.94121887,0.99684534,0.99081376,0.8712625,0.6127281,0.12229967,0.2485372,0.97591556,0.99697287,0.99167041,0.97920531,0.87502034,0.92402919,0.75115014,0.2485372,113337.19174965,96992.51106278,43141.89741146,41872.51011773,111002.65004676,117562.95740962,116851.62389666,25664.97558847,18049.26959525,3602.60881582,7321.21625523,28747.76429708,29368.05407865,29211.85854191,115482.58100799,103195.52606957,27219.33568794,22126.79865969,7321.21625523,Abruzzo,0.35504735,41872.51011773
71,13,67,ITF12,Teramo,IT ,303900,155.75157697,117990.67439759,23914.69134605,0.98114251,0.94542557,0.66137435,0.18705571,0.95612505,0.99961215,0.99587877,0.94666111,0.85531621,0.25175916,0.11956119,0.98676996,0.99961215,0.99654188,0.98599724,0.95668722,0.96355714,0.89525414,0.11956119,115765.66675779,111551.40097419,78036.00568547,22070.82884726,112813.83973804,117944.91187405,117504.40810929,22639.10819775,20454.62321866,6020.74261344,2859.26885756,23598.29895461,23905.41606534,23831.99154322,116338.47958275,112880.17086065,23043.17161017,21409.72643645,2859.26885756,Abruzzo,0.18705571,22070.82884726
72,13,68,ITF13,Pescara,IT ,316363,257.31035459,124003.69749524,14919.56447855,0.99630005,0.96688383,0.76282026,0.6085386,0.98285089,0.99970677,0.99859948,0.98238381,0.89001239,0.24525282,0.20057057,0.99126413,0.99970677,0.99928314,0.99630005,0.97728994,0.98238381,0.94380887,0.20057057,123544.88964849,119897.1695048,94592.53242233,75461.03626073,121877.14447926,123967.33625964,123830.02752797,14656.73856906,13278.59728698,3659.06521241,2992.42552032,14789.22903607,14915.18965901,14908.8691855,123544.88964849,121187.56657379,14656.73856906,14081.21735331,2992.42552032,Abruzzo,0.6085386,75461.03626073
73,13,69,ITF14,Chieti,IT ,378840,145.97193264,148580.44206611,35901.87110003,0.99166909,0.93802917,0.56284726,0.45376928,0.94699383,0.9997947,0.99811511,0.97128571,0.87283648,0.23908514,0.22287133,0.98777133,0.99989224,0.99834338,0.99846059,0.97727758,0.99920553,0.96452558,0.22287133,147342.63210277,139372.78891494,83628.09409884,67421.24066588,140704.76211416,148549.93863101,148300.38458817,34870.97434132,31336.46277253,8583.60382452,8001.49783353,35462.8390696,35898.00232796,35842.39538621,148351.71631201,145204.33461177,35873.34826481,34628.27320907,8001.49783353,Abruzzo,0.45376928,67421.24066588
74,14,70,ITF22,Campobasso,IT ,217362,74.35951503,86426.19306015,41175.16239128,0.95889608,0.83178746,0.50679641,0.43661926,0.94831058,1,0.99597488,0.9323215,0.71013718,0.23706532,0.29111204,0.96070726,1,0.99890306,0.969766,0.88362027,0.96641619,0.79165773,0.29111204,82873.73815616,71888.22374337,43800.48449454,37735.34045286,81958.87347218,86426.19306015,86078.31760547,38388.48913949,29240.01387661,9761.20293925,11986.58543226,39557.27763022,41175.16239128,41129.99555577,83813.18387107,76367.93594481,39792.34354316,32596.63553659,11986.58543226,Molise,0.43661926,37735.34045286
75,14,94,ITF21,Isernia,IT ,83154,54.15292272,33467.05016475,12652.04976472,0.96281566,0.86280454,0.19893759,0.3180554,0.87930084,0.99902321,0.98890081,0.94969851,0.79766542,0.2170475,0.25429167,0.89724461,0.99902321,0.99152148,0.97980866,0.945183,0.97101968,0.90207826,0.25429167,32222.60011274,28875.5227851,6657.85431718,10644.37606197,29427.60519278,33434.35999122,33095.59299206,12015.63283184,10092.10262527,2746.09575362,3217.31087344,11351.98349965,12639.69140925,12544.77907059,32791.30540951,31632.48692427,12285.38930331,11413.13906289,3217.31087344,Molise,0.3180554,10644.37606197
76,15,61,ITF31,Caserta,IT ,913666,344.09061748,323119.21258543,30240.68128776,0.99968031,0.969301,0.74241977,0.4423337,0.97465418,0.99994267,0.99507643,0.99951527,0.88095025,0.29769665,0.11664886,0.96131209,0.99999285,0.9992106,0.99968031,0.97448666,0.99951527,0.89238506,0.11664886,323015.91614467,313199.7745672,239890.09191099,142926.51755516,314929.49243768,323100.68760943,321528.31204376,30226.02270181,26640.53574706,9002.54941968,3527.54085893,29070.73267794,30240.46512267,30216.80924045,323015.91614467,314875.36202457,30226.02270181,26986.33229109,3527.54085893,Campania,0.4423337,142926.51755516
77,15,62,ITF32,Benevento,IT ,272318,130.91931068,103313.10900003,27810.13781933,0.99843887,0.9059216,0.43293368,0.3152777,0.91536172,0.99924498,0.9924323,0.9991485,0.9142316,0.23627044,0.17985598,0.97069259,0.99986461,0.99822239,0.99843887,0.95226498,0.9991485,0.93857193,0.17985598,103151.82339212,93593.57745161,44727.72478439,32572.31974058,94568.86533687,103235.10581149,102531.26634131,27786.45736179,25424.90667473,6570.71350172,5001.81966253,26995.09473173,27806.37257976,27760.70226183,103151.82339212,98381.4559263,27786.45736179,26101.81473874,5001.81966253,Campania,0.3152777,32572.31974058
78,15,64,ITF34,Avellino,IT ,410369,146.14647358,153848.79945407,30355.59005723,0.99677704,0.90282824,0.49035525,0.30191446,0.95722588,0.99965408,0.99667083,0.99607204,0.89851231,0.25772984,0.19132638,0.98664711,0.9998623,0.99891359,0.99677704,0.95536738,0.99607204,0.94078305,0.19132638,153352.95032434,138899.04104835,75440.56656353,46449.17793351,147268.0527806,153795.57935438,153336.61081216,30236.35460635,27274.87137834,7823.54150062,5807.82524104,29950.2550819,30351.40997716,30322.61135248,153352.95032434,146982.12470809,30236.35460635,28558.02455602,5807.82524104,Campania,0.30191446,46449.17793351
79,15,65,ITF35,Salerno,IT ,1081380.00000001,217.92399136,392272.3815066,44535.99080247,0.998067,0.92866241,0.57269564,0.46766439,0.91563422,0.99971756,0.99913503,0.99622304,0.8632427,0.25343121,0.23063495,0.91451047,1,0.99992266,0.99815869,0.95149411,0.99622304,0.88595479,0.23063495,391514.11927895,364288.61678222,224652.68329914,183451.82466827,359178.01598921,392161.58861255,391933.07649174,44367.78019632,38445.36878638,11286.81007256,10271.55622456,40728.62981854,44535.99080247,44532.54634098,391550.08812821,373244.86024799,44367.78019632,39456.87428279,10271.55622456,Campania,0.46766439,183451.82466827
80,15,263,ITF33,Napoli,IT ,3034410,2566.63502843,1034009.43908612,5275.83576123,1,1,0.84657212,0.67724061,0.96470099,0.99974222,0.99692484,1,1,0.66416184,0.24851785,0.90485932,1,0.99996097,1,1,1,1,0.24851785,1034009.43908612,1034009.43908612,875363.56150062,700273.18699245,997509.93050355,1033742.89387586,1030829.69016872,5275.83576123,5275.83576123,3504.00879006,1311.139363,4773.88913371,5275.83576123,5275.62984883,1034009.43908612,1034009.43908612,5275.83576123,5275.83576123,1311.139363,Campania,0.67724061,700273.18699245
81,16,71,ITF46,Foggia,IT ,606904,86.79212526,225372.88501107,88254.82377683,0.99485602,0.96880929,0.83731087,0.27487214,0.95714611,1,0.99926359,0.97442722,0.89515293,0.49146704,0.0960669,0.96194911,1,1,0.99485602,0.96880929,0.97442722,0.89515293,0.0960669,224213.57029582,218343.34388701,188707.16581559,61948.72790297,215714.77989762,225372.88501107,225206.91847592,85997.9029261,79001.56377051,43374.33742723,8478.3671597,84896.64916391,88254.82377683,88254.82377683,224213.57029582,218343.34388701,85997.9029261,79001.56377051,8478.3671597,Puglia,0.27487214,61948.72790297
82,16,73,ITF43,Taranto,IT ,563995,229.38267716,214155.22958973,35783.78576097,0.99776596,0.99776596,0.90371315,0.34020343,0.96916184,1,0.99992062,1,1,0.65441722,0.08264927,0.98966096,1,0.99992062,0.99780163,0.99780163,1,1,0.08264927,213676.79738907,213676.79738907,193534.89723654,72856.34308445,207551.0770415,214155.22958973,214138.22968395,35783.78576097,35783.78576097,23417.52564781,2957.5037035,35413.81591792,35783.78576097,35780.9452,213684.43702501,213684.43702501,35783.78576097,35783.78576097,2957.5037035,Puglia,0.34020343,72856.34308445
83,16,74,ITF44,Brindisi,IT ,385234.99999999,207.90545578,146817.59406847,33594.60619708,0.99858397,0.99855164,0.73401958,0.24962175,0.96303604,1,1,0.99675185,0.99675185,0.51699037,0.06274777,0.96477708,1,1,0.99858397,0.99855164,0.99675185,0.99675185,0.06274777,146609.69629984,146604.94977544,107766.98854143,36648.86418166,141390.63366088,146817.59406847,146817.59406847,33485.48595411,33485.48595411,17368.08791043,2107.98666281,32411.30604342,33594.60619708,33594.60619708,146609.69629984,146604.94977544,33485.48595411,33485.48595411,2107.98666281,Puglia,0.24962175,36648.86418166
84,16,75,ITF45,Lecce,IT ,782165,281.01364667,303752.67837084,37976.58795501,0.99897164,0.99829558,0.70873219,0.11804586,0.98572015,1,1,0.99676032,0.98374048,0.65300718,0.05095684,0.99819288,1,1,0.99897164,0.99829558,0.99676032,0.98374048,0.05095684,303440.31050973,303234.95756401,215279.30220367,35856.74534053,299415.1367953,303752.67837084,303752.67837084,37853.55601087,37359.10687685,24798.98463498,1935.16674231,37907.95971983,37976.58795501,37976.58795501,303440.31050973,303234.95756401,37853.55601087,37359.10687685,1935.16674231,Puglia,0.11804586,35856.74534053
85,16,110,ITF48,Barletta-Andria-Trani,IT ,384801.00000001,249.92305415,134877.47529726,20835.04431965,0.99812027,0.99810581,0.88741162,0.52027213,0.98725983,1,1,0.9499768,0.9499768,0.70857093,0.21705737,0.97294033,1,1,0.99812027,0.99810581,0.9499768,0.9499768,0.21705737,134623.94254247,134621.99229051,119691.83841121,70172.99089646,133159.1127092,134877.47529726,134877.47529726,19792.8086472,19792.8086472,14763.10664243,4522.40000881,20271.25485761,20835.04431965,20835.04431965,134623.94254247,134621.99229051,19792.8086472,19792.8086472,4522.40000881,Puglia,0.52027213,70172.99089646
86,16,272,ITF47,Bari,IT ,1230205,319.63720763,454358.00618861,69008.41528709,0.99828587,0.9982021,0.81338741,0.50911411,0.9811575,1,0.99998637,0.9981936,0.9981936,0.65149444,0.16974711,0.98903416,1,0.99998637,0.99830305,0.99821928,0.9981936,0.9981936,0.16974711,453579.17701973,453541.11394004,369569.08027936,231320.07096843,445796.76333435,454358.00618861,454351.8131166,68883.75853631,68883.75853631,44958.59866612,11713.97907049,68251.68017848,69008.41528709,69007.47467621,453586.98483094,453548.92175126,68883.75853631,68883.75853631,11713.97907049,Puglia,0.50911411,231320.07096843
87,17,76,ITF51,Potenza,IT ,358401,54.38445408,140838.67811645,64209.48611428,0.99079425,0.87035736,0.42962806,0.22564354,0.87860271,1,0.99650882,0.988942,0.82114296,0.25949293,0.1185073,0.90998117,1,0.99918032,0.99348506,0.92272209,0.99009553,0.88245712,0.1185073,139542.15281289,122579.98015884,60508.24786075,31779.33800239,123741.24487201,140838.67811645,140346.98551012,63499.45757624,52725.16756532,16661.90780971,7609.29292123,58429.4235918,64209.48611428,64156.8547414,139921.12277203,129954.95958541,63573.52530143,56662.11822171,7609.29292123,Basilicata,0.22564354,31779.33800239
88,17,77,ITF52,Matera,IT ,194853,56.14904251,76256.05009503,42430.05005023,0.98321416,0.87819858,0.4898667,0.34842924,0.95741989,1,1,0.95624041,0.73447448,0.18919044,0.2427802,0.9746817,1,1,0.98929288,0.96129545,0.97460108,0.93481926,0.2427802,74976.02786512,66967.95490608,37355.2993813,26569.83784225,73009.05883049,76256.05009503,76256.05009503,40573.32856316,31163.78897088,8027.35987375,10301.17623567,41355.79318413,42430.05005023,42430.05005023,75439.56709489,73304.59387895,41352.37254375,39664.42790291,10301.17623567,Basilicata,0.34842924,26569.83784225
89,18,78,ITF61,Cosenza,IT ,690502.99999999,102.70553733,274151.84738974,68049.54951059,0.99718843,0.99564983,0.42364269,0.12560285,0.91962673,0.99983466,0.99936187,0.99880415,0.99445922,0.29677997,0.02540457,0.9331079,1,1,0.99718843,0.99564983,0.99880415,0.99445922,0.02540457,273381.05126583,272959.24136244,116142.4250364,34434.25285335,252117.36799789,274106.51841545,273976.90348885,67968.1722744,67672.50164955,20195.74312424,1728.76931674,63497.57246519,68049.54951059,68049.54951059,273381.05126583,272959.24136244,67968.1722744,67672.50164955,1728.76931674,Calabria,0.12560285,34434.25285335
90,18,79,ITF63,Catanzaro,IT ,349344,144.16973684,136493.58001471,25515.39356479,0.99847993,0.98826678,0.62935618,0.35522601,0.9521674,1,0.99993856,0.99765675,0.97937,0.42801735,0.08878386,0.97706306,1,0.99993856,0.99847993,0.98826678,0.99765675,0.97937,0.08878386,136286.10082376,134892.07013061,85903.07793258,48486.07028815,129964.73755571,136493.58001471,136485.19404751,25455.60463391,24989.01110522,10921.03106153,2265.35505408,24930.14853131,25515.39356479,25513.82593608,136286.10082376,134892.07013061,25455.60463391,24989.01110522,2265.35505408,Calabria,0.35522601,48486.07028815
91,18,101,ITF62,Crotone,IT ,168581,97.00192549,62751.07829409,19522.91032246,0.99903529,0.9921734,0.34258107,0.2343468,0.94451278,1,1,1,0.96980094,0.24717238,0.06231692,0.92464744,1,1,0.99903529,0.9921734,1,0.96980094,0.06231692,62690.54168405,62259.9506352,21497.33134376,14705.51425573,59269.19512704,62751.07829409,62751.07829409,19522.91032246,18933.33671668,4825.52425383,1216.60765392,18051.80896541,19522.91032246,19522.91032246,62690.54168405,62259.9506352,19522.91032246,18933.33671668,1216.60765392,Calabria,0.2343468,14705.51425573
92,18,102,ITF64,Vibo Valentia,IT ,154715,133.80240253,58767.0989382,11987.31623866,0.99917351,0.9981563,0.43004275,0.14630386,0.92009238,1,1,1,0.99254937,0.27955956,0.09026076,0.95620785,1,1,0.99917351,0.9981563,1,0.99254937,0.09026076,58718.52877203,58658.75010598,25272.36511548,8597.85345338,54071.15993735,58767.0989382,58767.0989382,11987.31623866,11898.00318629,3351.16887124,1081.98430279,11462.36589918,11987.31623866,11987.31623866,58718.52877203,58658.75010598,11987.31623866,11898.00318629,1081.98430279,Calabria,0.14630386,8597.85345338
93,18,280,ITF65,Reggio Calabria,IT ,530967,164.54491522,202089.43532288,32726.89983046,0.99788888,0.99506467,0.47548051,0.30288473,0.89299809,1,1,0.99678528,0.99080094,0.27000401,0.05413888,0.93477433,1,1,0.99788888,0.99506467,0.99678528,0.99080094,0.05413888,201662.80027972,201092.05739976,96089.58865458,61209.8036814,180465.4803255,202089.43532288,202089.43532288,32621.69186477,32425.84319017,8836.394331,1771.79786015,30592.26600213,32726.89983046,32726.89983046,201662.80027972,201092.05739976,32621.69186477,32425.84319017,1771.79786015,Calabria,0.30288473,61209.8036814
94,19,81,ITG11,Trapani,IT ,421256,168.36059837,166115.72651842,29313.24756063,0.99848523,0.97434209,0.72903643,0.35933303,0.96220297,1,1,0.99942135,0.93928956,0.39504355,0.2002963,0.9471945,1,1,0.99848523,0.9860641,0.99942135,0.96363475,0.2002963,165864.09907719,161853.54478315,121104.41627189,59690.86804866,159837.04577142,166115.72651842,166115.72651842,29296.28536114,27533.6274097,11580.00925165,5871.33510906,27765.34682557,29313.24756063,29313.24756063,165864.09907719,163800.75405912,29296.28536114,28247.26402547,5871.33510906,Sicilia,0.35933303,59690.86804866
95,19,84,ITG14,Agrigento,IT ,423488,136.62034257,162057.97711687,40963.86852483,0.99838428,0.96966029,0.8453422,0.21739307,0.95856467,1,1,1,0.9718241,0.62744933,0.13665876,0.9318132,1,1,0.99838428,0.99738241,1,0.98863065,0.13665876,161796.13614341,157141.18550407,136994.44651724,35230.28065527,155343.05139707,162057.97711687,162057.97711687,40963.86852483,39809.67471541,25702.7520124,5598.07156096,38170.67342954,40963.86852483,40963.86852483,161796.13614341,161633.7759699,40963.86852483,40498.13616278,5598.07156096,Sicilia,0.21739307,35230.28065527
96,19,85,ITG15,Caltanissetta,IT ,255931,117.85402356,97845.20580834,31703.99925509,0.99649795,0.97462204,0.78755208,0.4421688,0.95505503,1,1,0.98452297,0.9010381,0.42763583,0.23670017,0.97423829,1,1,0.99649795,0.98721611,0.98452297,0.92843111,0.23670017,97502.54747182,95362.09363535,77058.19533998,43264.09728483,93447.55604018,97845.20580834,97845.20580834,31213.31563283,28566.51118334,13557.76596113,7504.34210698,30887.25004239,31703.99925509,31703.99925509,97502.54747182,96594.36358806,31213.31563283,29434.97918893,7504.34210698,Sicilia,0.4421688,43264.09728483
97,19,86,ITG16,Enna,IT ,160161,61.45165453,64057.58350442,29007.34702664,0.98947009,0.95225966,0.77938414,0.15086231,0.95164742,1,0.99662917,0.99927917,0.96953458,0.83470532,0.31276106,0.97195851,1,1,0.98947009,0.98218453,0.99927917,0.99423334,0.31276106,63383.06287443,60999.45281034,49925.46479174,9663.87529617,60960.23391065,64057.58350442,63841.65622805,28986.43757021,28123.62610938,24212.58689937,9072.36861397,28193.93789288,29007.34702664,29007.34702664,63383.06287443,62916.36751963,28986.43757021,28840.07137525,9072.36861397,Sicilia,0.15086231,9663.87529617
98,19,88,ITG18,Ragusa,IT ,315601,191.47408847,121994.23229873,26537.99054349,0.99781404,0.9817531,0.83212355,0.52127553,0.94255277,1,1,0.9954542,0.96254705,0.48010549,0.35104112,0.96672331,1,1,0.99781404,0.99238253,0.9954542,0.96732168,0.35104112,121727.55821598,119768.21619577,101514.27344742,63592.60817615,114986.00187692,121994.23229873,121994.23229873,26417.35405151,25544.06455763,12741.03488455,9315.9258974,25654.8939989,26537.99054349,26537.99054349,121727.55821598,121064.94436915,26417.35405151,25670.77349738,9315.9258974,Sicilia,0.52127553,63592.60817615
99,19,89,ITG19,Siracusa,IT ,389344,181.0711502,150649.3497569,25711.75579888,0.99747309,0.99715484,0.93025225,0.32746055,0.96078187,1,1,0.99617664,0.99617664,0.65526292,0.0918789,0.93470396,1,1,0.99747309,0.99715484,0.99617664,0.99617664,0.0918789,150268.67269923,150220.72848541,140141.89585778,49331.71936008,144741.16373015,150649.3497569,150649.3497569,25613.4505945,25613.4505945,16847.9601715,2362.36790765,24032.88007581,25711.75579888,25711.75579888,150268.67269923,150220.72848541,25613.4505945,25613.4505945,2362.36790765,Sicilia,0.32746055,49331.71936008
100,19,282,ITG12,Palermo,IT ,1222987.99999996,240.93972815,460329.18444907,48713.26564973,0.99848515,0.96846101,0.84630374,0.64819857,0.97191658,0.9997777,0.9992474,0.99576078,0.90315163,0.41969712,0.25804814,0.94198429,0.9997777,0.99974595,0.99867556,0.99345397,0.99576078,0.96501659,0.25804814,459631.85322285,445810.86519037,389578.30885047,298384.72034921,447401.56817833,460226.85293051,459982.7419651,48506.75920335,43995.46536575,20444.81709477,12570.36780124,45887.13089565,48702.43665471,48700.88997627,459719.50658927,457315.85649667,48506.75920335,47009.10937301,12570.36780124,Sicilia,0.64819857,298384.72034921
101,19,283,ITG13,Messina,IT ,613887,186.2032534,255851.50066105,20791.79589465,0.99624968,0.96746343,0.74211835,0.57864272,0.91615916,1,0.99991066,0.99966948,0.94294594,0.40957047,0.32322348,0.86731808,1,1,0.99784248,0.9871852,0.99966948,0.95884056,0.32322348,254891.97533485,247526.97012836,189872.09410924,148046.60742414,234400.69550862,255851.50066105,255828.6428233,20784.92374459,19605.53956391,8515.70564348,6720.39655351,18033.10055663,20791.79589465,20791.79589465,255299.49574366,252572.81373563,20784.92374459,19936.01719709,6720.39655351,Sicilia,0.57864272,148046.60742414
102,19,287,ITG17,Catania,IT ,1072633.99999998,296.72077681,410190.65898804,35061.45554262,0.99897066,0.97753654,0.82343774,0.46346216,0.97984861,1,1,0.9947823,0.90657909,0.49279021,0.25494381,0.98621885,1,1,0.99897066,0.99543501,0.9947823,0.95720917,0.25494381,409768.43494379,400976.35565959,337766.47048635,190107.84879775,401924.74599135,410190.65898804,410190.65898804,34878.5155343,31785.98231667,17277.94192292,8938.70114616,34578.26824804,35061.45554262,35061.45554262,409768.43494379,408318.14444761,34878.5155343,33561.14691361,8938.70114616,Sicilia,0.46346216,190107.84879775
103,20,90,ITG2D ,Sassari,IT ,474517.2132062,61.28890079,196937.21534767,57961.49196502,0.98813392,0.87938454,0.47646972,0.30193993,0.94015035,0.99996149,0.99926831,0.96793476,0.75606534,0.18379914,0.04756648,0.9395138,0.99996149,0.99948181,0.98813392,0.88015756,0.96793476,0.75625506,0.04756648,194600.34341764,173183.54245564,93834.61972629,59463.20922689,185150.59259921,196929.63136053,196793.11838579,56102.94289197,43822.6748413,10653.27216712,2757.02401549,54455.62155025,57959.2598871,57931.45691019,194600.34341764,173335.77851083,56102.94289197,43833.67171477,2757.02401549,Sardegna,0.30193993,59463.20922689
104,20,91,ITG2E ,Nuoro,IT ,214006.43742052,37.61653555,87038.08218925,27414.69005775,0.99623559,0.74553256,0.36724291,0.10792431,0.86914483,1,1,0.99293185,0.64620751,0.15479164,0.00552253,0.81365372,1,1,0.99624679,0.74554377,0.99293185,0.64620751,0.00552253,86710.43510705,64889.72451686,31964.11817652,9393.52482975,75648.69936076,87038.08218925,87038.08218925,27220.91900613,17715.57862495,4243.56477046,151.39850836,22306.06444219,27414.69005775,27414.69005775,86711.41024718,64890.69965699,27220.91900613,17715.57862495,151.39850836,Sardegna,0.10792431,9393.52482975
105,20,95,ITG2G ,Oristano,IT ,161587.44164818,53.52357889,63791.56535768,20071.92650843,0.99833162,0.88647391,0.43267568,0.14220991,0.94513368,1,1,0.99535699,0.72666911,0.22190212,0.00968944,0.91319751,1,1,0.99833162,0.88647391,0.99535699,0.72666911,0.00968944,63685.13705003,56549.55840472,27601.05872271,9071.79271943,60291.55674909,63791.56535768,63791.56535768,19978.73225818,14585.64889363,4454.00312719,194.48564251,18329.63326825,20071.92650843,20071.92650843,63685.13705003,56549.55840472,19978.73225818,14585.64889363,194.48564251,Sardegna,0.14220991,9071.79271943
106,20,111,ITG2H ,Sud Sardegna,IT ,375978.28374186,56.91680479,149308.31850741,48022.92108132,0.99314644,0.97707912,0.60357403,0.08215323,0.94081072,0.99978823,0.99902729,0.98973753,0.92184889,0.33973173,0.01445313,0.94097962,1,1,0.99314644,0.97707912,0.98973753,0.92184889,0.01445313,148285.0254612,145886.04025749,90118.62404441,12266.16031997,140470.86613487,149276.69918464,149163.08506432,47530.08721369,44269.87658098,16314.91009135,694.08134071,45188.59023616,48022.92108132,48022.92108132,148285.0254612,145886.04025749,47530.08721369,44269.87658098,694.08134071,Sardegna,0.08215323,12266.16031997
107,20,292,ITG2F,Cagliari,IT ,399657.05466544,316.48459992,160269.02916975,8161.03201161,0.99970072,0.99961438,0.77392546,0.68267261,0.98260501,1,1,0.99977262,0.99681668,0.24986975,0.18383497,0.92527984,1,1,0.99970072,0.99961438,0.99977262,0.99681668,0.18383497,160221.06321033,160207.22687589,124036.2813638,109411.27585303,157481.15059881,160269.02916975,160269.02916975,8159.17635512,8135.05282082,2039.19501495,1500.28305923,7551.23838193,8161.03201161,8161.03201161,160221.06321033,160207.22687589,8159.17635512,8135.05282082,1500.28305923,Sardegna,0.68267261,109411.27585303
